120825 2 4524.42 6062.26
18624 2 6331.82 6282.64
894114 2 4358.88 5315.69
906093 2 2036.38 4893.62
260383 2 6968.95 3614.55
625915 2 8393.95 2959.37
110459 2 4809.68 6608.75
1059417 2 6141.16 4154.06
234491 2 7088.02 5030.31
779202 2 9074.00 2309.30
840784 2 2903.34 7299.13
281234 2 7272.21 3673.92
995845 2 5080.11 8934.96
283338 2 7397.92 3850.31
878385 2 3888.56 6427.56
19195 2 6622.37 6416.30
655981 2 8360.25 2713.92
349358 2 7522.13 2430.23
43370 2 8241.83 5648.16
955423 2 5420.62 9130.73
